Nearest Neighbor:
Run 0:
    Classified ', 5, 0, 0, 2, 0, 3, 2, 1, 0, 2, 1, 1, 0, 2, 2, 0, 0, 0, 1, 0, 0, 3, 0, 0, 0, 2, 1, 0, 4, 0, 0, 0, 0, 0, 0' as 'D2', actual class: 'D2'
    Classified ', 5, 0, 2, 1, 0, 3, 1, 1, 1, 2, 1, 1, 0, 2, 2, 0, 0, 0, 1, 1, 3, 0, 1, 1, 0, 0, 0, 0, 4, 0, 0, 0, 0, 0, 0' as 'D1', actual class: 'D1'
    Classified ', 6, 0, 2, 1, 0, 1, 0, 1, 0, 2, 1, 1, 0, 2, 2, 0, 0, 0, 1, 0, 3, 1, 1, 1, 0, 0, 0, 0, 4, 0, 0, 0, 0, 0, 0' as 'D1', actual class: 'D1'
    Classified ', 0, 1, 2, 0, 0, 2, 1, 1, 1, 1, 1, 0, 0, 2, 2, 0, 0, 0, 1, 0, 1, 1, 0, 1, 0, 0, 0, 3, 4, 0, 0, 0, 0, 0, 0' as 'D3', actual class: 'D3'
Accuracy: 100%
Run 1:
    Classified ', 4, 0, 2, 1, 1, 1, 0, 1, 0, 2, 1, 1, 0, 2, 2, 0, 0, 0, 1, 0, 3, 1, 1, 1, 0, 0, 0, 0, 4, 0, 0, 0, 0, 0, 0' as 'D1', actual class: 'D1'
    Classified ', 0, 1, 2, 0, 0, 0, 1, 1, 0, 1, 1, 0, 0, 2, 2, 0, 0, 0, 1, 0, 1, 1, 0, 1, 0, 0, 0, 3, 4, 0, 0, 0, 0, 0, 1' as 'D3', actual class: 'D3'
    Classified ', 0, 1, 2, 1, 0, 3, 1, 1, 0, 0, 1, 1, 0, 2, 2, 0, 0, 0, 1, 0, 1, 2, 0, 0, 0, 0, 0, 3, 4, 0, 0, 0, 0, 0, 1' as 'D4', actual class: 'D4'
    Classified ', 0, 1, 1, 1, 0, 1, 1, 1, 0, 0, 1, 1, 0, 2, 2, 0, 0, 0, 1, 0, 1, 2, 0, 0, 0, 0, 0, 3, 4, 0, 0, 0, 0, 0, 1' as 'D4', actual class: 'D4'
Accuracy: 100%
Run 2:
    Classified ', 0, 1, 2, 0, 0, 1, 1, 2, 1, 2, 1, 0, 0, 2, 2, 0, 0, 0, 1, 0, 1, 1, 0, 1, 0, 0, 0, 3, 4, 0, 0, 0, 0, 0, 0' as 'D3', actual class: 'D3'
    Classified ', 4, 0, 0, 1, 1, 1, 3, 1, 1, 1, 1, 1, 0, 2, 2, 0, 0, 0, 1, 1, 0, 3, 0, 0, 0, 2, 1, 0, 4, 0, 0, 0, 0, 0, 0' as 'D2', actual class: 'D2'
    Classified ', 6, 0, 0, 2, 0, 1, 3, 1, 1, 0, 1, 1, 0, 2, 2, 0, 0, 0, 1, 0, 0, 3, 0, 0, 0, 2, 1, 0, 4, 0, 0, 0, 0, 0, 0' as 'D2', actual class: 'D2'
    Classified ', 3, 0, 2, 0, 1, 3, 1, 2, 0, 1, 1, 0, 0, 2, 2, 0, 0, 0, 1, 1, 1, 1, 0, 1, 1, 0, 0, 3, 4, 0, 0, 0, 0, 0, 0' as 'D3', actual class: 'D3'
Accuracy: 100%
Run 3:
    Classified ', 3, 1, 2, 0, 0, 1, 1, 2, 1, 0, 1, 1, 0, 2, 2, 0, 0, 0, 1, 0, 2, 2, 0, 0, 0, 0, 0, 3, 4, 0, 0, 0, 0, 0, 1' as 'D4', actual class: 'D4'
    Classified ', 3, 1, 2, 0, 0, 2, 1, 2, 1, 1, 1, 1, 0, 2, 2, 0, 0, 0, 1, 0, 2, 2, 0, 0, 0, 0, 0, 3, 4, 0, 0, 0, 0, 0, 1' as 'D4', actual class: 'D4'
    Classified ', 0, 1, 2, 0, 0, 0, 1, 1, 1, 2, 1, 0, 0, 2, 2, 0, 0, 0, 1, 0, 1, 1, 0, 1, 0, 0, 0, 3, 4, 0, 0, 0, 0, 0, 0' as 'D3', actual class: 'D3'
    Classified ', 2, 1, 2, 1, 1, 1, 1, 2, 0, 2, 1, 1, 0, 2, 2, 0, 0, 0, 1, 0, 1, 2, 0, 1, 0, 0, 0, 3, 4, 0, 0, 0, 0, 0, 1' as 'D4', actual class: 'D4'
Accuracy: 100%
Run 4:
    Classified ', 2, 1, 2, 0, 0, 3, 1, 2, 0, 2, 1, 0, 0, 2, 2, 0, 0, 0, 1, 0, 1, 1, 0, 1, 1, 0, 0, 3, 4, 0, 0, 0, 0, 0, 0' as 'D3', actual class: 'D3'
    Classified ', 2, 1, 2, 0, 0, 1, 1, 2, 0, 0, 1, 1, 0, 2, 2, 0, 0, 0, 1, 0, 1, 2, 0, 0, 0, 0, 0, 3, 4, 0, 0, 0, 0, 0, 1' as 'D4', actual class: 'D4'
    Classified ', 0, 1, 2, 0, 0, 1, 1, 1, 1, 1, 1, 0, 0, 2, 2, 0, 0, 0, 1, 0, 1, 1, 0, 1, 1, 0, 0, 3, 4, 0, 0, 0, 0, 0, 0' as 'D3', actual class: 'D3'
    Classified ', 5, 0, 0, 2, 1, 2, 2, 1, 0, 2, 1, 1, 0, 2, 2, 0, 0, 0, 1, 1, 0, 3, 0, 0, 0, 2, 1, 0, 4, 0, 0, 0, 0, 0, 0' as 'D2', actual class: 'D2'
Accuracy: 100%
Run 5:
    Classified ', 6, 0, 2, 1, 0, 3, 0, 1, 1, 1, 1, 1, 0, 2, 2, 0, 0, 0, 1, 0, 3, 1, 1, 1, 0, 0, 0, 0, 4, 0, 0, 0, 0, 0, 0' as 'D1', actual class: 'D1'
    Classified ', 5, 0, 0, 2, 1, 3, 3, 1, 1, 2, 1, 1, 0, 2, 2, 0, 0, 0, 1, 0, 0, 3, 0, 0, 0, 2, 1, 0, 4, 0, 0, 0, 0, 0, 0' as 'D2', actual class: 'D2'
    Classified ', 2, 1, 2, 0, 0, 2, 1, 1, 0, 2, 1, 0, 0, 2, 2, 0, 0, 0, 1, 0, 1, 1, 0, 1, 1, 0, 0, 3, 4, 0, 0, 0, 0, 0, 0' as 'D3', actual class: 'D3'
    Classified ', 1, 1, 2, 0, 0, 3, 1, 1, 1, 2, 1, 1, 0, 2, 2, 0, 0, 0, 1, 0, 2, 2, 0, 0, 0, 0, 0, 3, 4, 0, 0, 0, 0, 0, 1' as 'D4', actual class: 'D4'
Accuracy: 100%
Run 6:
    Classified ', 2, 1, 2, 1, 1, 3, 1, 2, 1, 2, 1, 1, 0, 2, 2, 0, 0, 0, 1, 0, 2, 2, 0, 1, 0, 0, 0, 3, 4, 0, 0, 0, 0, 0, 1' as 'D4', actual class: 'D4'
    Classified ', 3, 0, 2, 1, 0, 1, 0, 2, 1, 2, 1, 1, 0, 2, 2, 0, 0, 0, 1, 0, 3, 0, 1, 1, 0, 0, 0, 0, 4, 0, 0, 0, 0, 0, 0' as 'D1', actual class: 'D1'
    Classified ', 3, 0, 2, 1, 0, 2, 1, 1, 0, 1, 1, 1, 0, 2, 2, 0, 0, 0, 1, 1, 3, 0, 1, 1, 0, 0, 0, 0, 4, 0, 0, 0, 0, 0, 0' as 'D1', actual class: 'D1'
    Classified ', 4, 0, 0, 1, 0, 2, 3, 1, 1, 1, 1, 1, 0, 2, 2, 0, 0, 0, 1, 0, 0, 3, 0, 0, 0, 2, 1, 0, 4, 0, 0, 0, 0, 0, 0' as 'D2', actual class: 'D2'
Accuracy: 100%
Run 7:
    Classified ', 5, 0, 2, 1, 0, 2, 0, 1, 1, 0, 1, 1, 0, 2, 2, 0, 0, 0, 1, 1, 3, 1, 1, 1, 0, 0, 0, 0, 4, 0, 0, 0, 0, 0, 0' as 'D1', actual class: 'D1'
    Classified ', 4, 0, 2, 1, 0, 3, 0, 2, 0, 2, 1, 1, 0, 2, 2, 0, 0, 0, 1, 0, 3, 1, 1, 1, 0, 0, 0, 0, 4, 0, 0, 0, 0, 0, 0' as 'D1', actual class: 'D1'
    Classified ', 3, 0, 2, 1, 0, 2, 0, 2, 1, 1, 1, 1, 0, 2, 2, 0, 0, 0, 1, 0, 3, 0, 1, 1, 0, 0, 0, 0, 4, 0, 0, 0, 0, 0, 0' as 'D1', actual class: 'D1'
    Classified ', 2, 1, 2, 0, 0, 3, 1, 2, 0, 1, 1, 0, 0, 2, 2, 0, 0, 0, 1, 0, 1, 1, 0, 1, 0, 0, 0, 3, 4, 0, 0, 0, 0, 0, 0' as 'D3', actual class: 'D3'
Accuracy: 100%
Run 8:
    Classified ', 3, 0, 0, 2, 1, 0, 2, 1, 0, 1, 1, 1, 0, 2, 2, 0, 0, 0, 1, 0, 0, 3, 0, 0, 0, 2, 1, 0, 4, 0, 0, 0, 0, 0, 0' as 'D2', actual class: 'D2'
    Classified ', 1, 1, 2, 1, 0, 0, 1, 2, 1, 1, 1, 1, 0, 2, 2, 0, 0, 0, 1, 0, 2, 2, 0, 0, 0, 0, 0, 3, 4, 0, 0, 0, 0, 0, 1' as 'D4', actual class: 'D4'
    Classified ', 6, 0, 0, 2, 1, 0, 2, 1, 0, 0, 1, 1, 0, 2, 2, 0, 0, 0, 1, 1, 0, 3, 0, 0, 0, 2, 1, 0, 4, 0, 0, 0, 0, 0, 0' as 'D2', actual class: 'D2'
    Classified ', 3, 1, 1, 0, 0, 2, 1, 2, 1, 2, 1, 1, 0, 2, 2, 0, 0, 0, 1, 0, 2, 2, 0, 0, 0, 0, 0, 3, 4, 0, 0, 0, 0, 0, 1' as 'D4', actual class: 'D4'
Accuracy: 100%
Run 9:
    Classified ', 4, 0, 2, 0, 1, 0, 1, 2, 0, 2, 1, 1, 0, 2, 2, 0, 0, 0, 1, 1, 1, 1, 0, 1, 1, 0, 0, 3, 4, 0, 0, 0, 0, 0, 0' as 'D3', actual class: 'D3'
    Classified ', 6, 0, 2, 1, 0, 1, 1, 1, 0, 0, 1, 1, 0, 2, 2, 0, 0, 0, 1, 1, 3, 1, 1, 1, 0, 0, 0, 0, 4, 0, 0, 0, 0, 0, 0' as 'D1', actual class: 'D1'
    Classified ', 6, 0, 0, 1, 1, 3, 3, 1, 1, 0, 1, 1, 0, 2, 2, 0, 0, 0, 1, 0, 0, 3, 0, 0, 0, 2, 1, 0, 4, 0, 0, 0, 0, 0, 0' as 'D2', actual class: 'D2'
    Classified ', 3, 0, 0, 1, 0, 1, 2, 1, 0, 0, 1, 1, 0, 2, 2, 0, 0, 0, 1, 0, 0, 3, 0, 0, 0, 2, 1, 0, 4, 0, 0, 0, 0, 0, 0' as 'D2', actual class: 'D2'
Accuracy: 100%
Average accuracy: 100%

ID3:
Run 0:
    Classified ', 1, 1, 2, 0, 0, 3, 1, 1, 1, 2, 1, 1, 0, 2, 2, 0, 0, 0, 1, 0, 2, 2, 0, 0, 0, 0, 0, 3, 4, 0, 0, 0, 0, 0, 1' as 'D4', actual class: 'D4'
    Classified ', 5, 0, 0, 2, 1, 3, 3, 1, 1, 2, 1, 1, 0, 2, 2, 0, 0, 0, 1, 0, 0, 3, 0, 0, 0, 2, 1, 0, 4, 0, 0, 0, 0, 0, 0' as 'D2', actual class: 'D2'
    Classified ', 0, 1, 2, 0, 0, 1, 1, 2, 1, 2, 1, 0, 0, 2, 2, 0, 0, 0, 1, 0, 1, 1, 0, 1, 0, 0, 0, 3, 4, 0, 0, 0, 0, 0, 0' as 'D3', actual class: 'D3'
    Classified ', 6, 0, 2, 1, 0, 3, 0, 1, 1, 1, 1, 1, 0, 2, 2, 0, 0, 0, 1, 0, 3, 1, 1, 1, 0, 0, 0, 0, 4, 0, 0, 0, 0, 0, 0' as 'D1', actual class: 'D1'
Accuracy: 100%
Run 1:
    Classified ', 4, 0, 0, 1, 0, 2, 3, 1, 1, 1, 1, 1, 0, 2, 2, 0, 0, 0, 1, 0, 0, 3, 0, 0, 0, 2, 1, 0, 4, 0, 0, 0, 0, 0, 0' as 'D2', actual class: 'D2'
    Classified ', 2, 1, 2, 1, 1, 1, 1, 2, 0, 2, 1, 1, 0, 2, 2, 0, 0, 0, 1, 0, 1, 2, 0, 1, 0, 0, 0, 3, 4, 0, 0, 0, 0, 0, 1' as 'D4', actual class: 'D4'
    Classified ', 0, 1, 2, 0, 0, 0, 1, 1, 0, 1, 1, 0, 0, 2, 2, 0, 0, 0, 1, 0, 1, 1, 0, 1, 0, 0, 0, 3, 4, 0, 0, 0, 0, 0, 1' as 'D4', actual class: 'D3'
    Classified ', 5, 0, 0, 2, 1, 2, 2, 1, 0, 2, 1, 1, 0, 2, 2, 0, 0, 0, 1, 1, 0, 3, 0, 0, 0, 2, 1, 0, 4, 0, 0, 0, 0, 0, 0' as 'D2', actual class: 'D2'
Accuracy: 75%
Run 2:
    Classified ', 2, 1, 2, 0, 0, 3, 1, 2, 0, 1, 1, 0, 0, 2, 2, 0, 0, 0, 1, 0, 1, 1, 0, 1, 0, 0, 0, 3, 4, 0, 0, 0, 0, 0, 0' as 'D4', actual class: 'D3'
    Classified ', 4, 0, 2, 1, 1, 1, 0, 1, 0, 2, 1, 1, 0, 2, 2, 0, 0, 0, 1, 0, 3, 1, 1, 1, 0, 0, 0, 0, 4, 0, 0, 0, 0, 0, 0' as 'D1', actual class: 'D1'
    Classified ', 3, 0, 2, 1, 0, 2, 1, 1, 0, 1, 1, 1, 0, 2, 2, 0, 0, 0, 1, 1, 3, 0, 1, 1, 0, 0, 0, 0, 4, 0, 0, 0, 0, 0, 0' as 'D1', actual class: 'D1'
    Classified ', 0, 1, 2, 0, 0, 0, 1, 1, 1, 2, 1, 0, 0, 2, 2, 0, 0, 0, 1, 0, 1, 1, 0, 1, 0, 0, 0, 3, 4, 0, 0, 0, 0, 0, 0' as 'D4', actual class: 'D3'
Accuracy: 50%
Run 3:
    Classified ', 4, 0, 2, 1, 0, 3, 0, 2, 0, 2, 1, 1, 0, 2, 2, 0, 0, 0, 1, 0, 3, 1, 1, 1, 0, 0, 0, 0, 4, 0, 0, 0, 0, 0, 0' as 'D1', actual class: 'D1'
    Classified ', 2, 1, 2, 1, 1, 3, 1, 2, 1, 2, 1, 1, 0, 2, 2, 0, 0, 0, 1, 0, 2, 2, 0, 1, 0, 0, 0, 3, 4, 0, 0, 0, 0, 0, 1' as 'D4', actual class: 'D4'
    Classified ', 5, 0, 2, 1, 0, 3, 1, 1, 1, 2, 1, 1, 0, 2, 2, 0, 0, 0, 1, 1, 3, 0, 1, 1, 0, 0, 0, 0, 4, 0, 0, 0, 0, 0, 0' as 'D1', actual class: 'D1'
    Classified ', 0, 1, 2, 0, 0, 2, 1, 1, 1, 1, 1, 0, 0, 2, 2, 0, 0, 0, 1, 0, 1, 1, 0, 1, 0, 0, 0, 3, 4, 0, 0, 0, 0, 0, 0' as 'D4', actual class: 'D3'
Accuracy: 75%
Run 4:
    Classified ', 3, 0, 2, 1, 0, 2, 0, 2, 1, 1, 1, 1, 0, 2, 2, 0, 0, 0, 1, 0, 3, 0, 1, 1, 0, 0, 0, 0, 4, 0, 0, 0, 0, 0, 0' as 'D1', actual class: 'D1'
    Classified ', 3, 0, 0, 2, 1, 0, 2, 1, 0, 1, 1, 1, 0, 2, 2, 0, 0, 0, 1, 0, 0, 3, 0, 0, 0, 2, 1, 0, 4, 0, 0, 0, 0, 0, 0' as 'D2', actual class: 'D2'
    Classified ', 2, 1, 2, 0, 0, 3, 1, 2, 0, 2, 1, 0, 0, 2, 2, 0, 0, 0, 1, 0, 1, 1, 0, 1, 1, 0, 0, 3, 4, 0, 0, 0, 0, 0, 0' as 'D4', actual class: 'D3'
    Classified ', 0, 1, 2, 0, 0, 1, 1, 1, 1, 1, 1, 0, 0, 2, 2, 0, 0, 0, 1, 0, 1, 1, 0, 1, 1, 0, 0, 3, 4, 0, 0, 0, 0, 0, 0' as 'D4', actual class: 'D3'
Accuracy: 50%
Run 5:
    Classified ', 6, 0, 2, 1, 0, 1, 0, 1, 0, 2, 1, 1, 0, 2, 2, 0, 0, 0, 1, 0, 3, 1, 1, 1, 0, 0, 0, 0, 4, 0, 0, 0, 0, 0, 0' as 'D1', actual class: 'D1'
    Classified ', 3, 1, 1, 0, 0, 2, 1, 2, 1, 2, 1, 1, 0, 2, 2, 0, 0, 0, 1, 0, 2, 2, 0, 0, 0, 0, 0, 3, 4, 0, 0, 0, 0, 0, 1' as 'D4', actual class: 'D4'
    Classified ', 4, 0, 2, 0, 1, 0, 1, 2, 0, 2, 1, 1, 0, 2, 2, 0, 0, 0, 1, 1, 1, 1, 0, 1, 1, 0, 0, 3, 4, 0, 0, 0, 0, 0, 0' as 'D3', actual class: 'D3'
    Classified ', 3, 1, 2, 0, 0, 1, 1, 2, 1, 0, 1, 1, 0, 2, 2, 0, 0, 0, 1, 0, 2, 2, 0, 0, 0, 0, 0, 3, 4, 0, 0, 0, 0, 0, 1' as 'D4', actual class: 'D4'
Accuracy: 100%
Run 6:
    Classified ', 0, 1, 2, 1, 0, 3, 1, 1, 0, 0, 1, 1, 0, 2, 2, 0, 0, 0, 1, 0, 1, 2, 0, 0, 0, 0, 0, 3, 4, 0, 0, 0, 0, 0, 1' as 'D4', actual class: 'D4'
    Classified ', 3, 0, 0, 1, 0, 1, 2, 1, 0, 0, 1, 1, 0, 2, 2, 0, 0, 0, 1, 0, 0, 3, 0, 0, 0, 2, 1, 0, 4, 0, 0, 0, 0, 0, 0' as 'D2', actual class: 'D2'
    Classified ', 5, 0, 0, 2, 0, 3, 2, 1, 0, 2, 1, 1, 0, 2, 2, 0, 0, 0, 1, 0, 0, 3, 0, 0, 0, 2, 1, 0, 4, 0, 0, 0, 0, 0, 0' as 'D2', actual class: 'D2'
    Classified ', 6, 0, 2, 1, 0, 1, 1, 1, 0, 0, 1, 1, 0, 2, 2, 0, 0, 0, 1, 1, 3, 1, 1, 1, 0, 0, 0, 0, 4, 0, 0, 0, 0, 0, 0' as 'D1', actual class: 'D1'
Accuracy: 100%
Run 7:
    Classified ', 6, 0, 0, 1, 1, 3, 3, 1, 1, 0, 1, 1, 0, 2, 2, 0, 0, 0, 1, 0, 0, 3, 0, 0, 0, 2, 1, 0, 4, 0, 0, 0, 0, 0, 0' as 'D2', actual class: 'D2'
    Classified ', 6, 0, 0, 2, 0, 1, 3, 1, 1, 0, 1, 1, 0, 2, 2, 0, 0, 0, 1, 0, 0, 3, 0, 0, 0, 2, 1, 0, 4, 0, 0, 0, 0, 0, 0' as 'D2', actual class: 'D2'
    Classified ', 3, 1, 2, 0, 0, 2, 1, 2, 1, 1, 1, 1, 0, 2, 2, 0, 0, 0, 1, 0, 2, 2, 0, 0, 0, 0, 0, 3, 4, 0, 0, 0, 0, 0, 1' as 'D4', actual class: 'D4'
    Classified ', 6, 0, 0, 2, 1, 0, 2, 1, 0, 0, 1, 1, 0, 2, 2, 0, 0, 0, 1, 1, 0, 3, 0, 0, 0, 2, 1, 0, 4, 0, 0, 0, 0, 0, 0' as 'D2', actual class: 'D2'
Accuracy: 100%
Run 8:
    Classified ', 2, 1, 2, 0, 0, 2, 1, 1, 0, 2, 1, 0, 0, 2, 2, 0, 0, 0, 1, 0, 1, 1, 0, 1, 1, 0, 0, 3, 4, 0, 0, 0, 0, 0, 0' as 'D3', actual class: 'D3'
    Classified ', 1, 1, 2, 1, 0, 0, 1, 2, 1, 1, 1, 1, 0, 2, 2, 0, 0, 0, 1, 0, 2, 2, 0, 0, 0, 0, 0, 3, 4, 0, 0, 0, 0, 0, 1' as 'D4', actual class: 'D4'
    Classified ', 3, 0, 2, 1, 0, 1, 0, 2, 1, 2, 1, 1, 0, 2, 2, 0, 0, 0, 1, 0, 3, 0, 1, 1, 0, 0, 0, 0, 4, 0, 0, 0, 0, 0, 0' as 'D1', actual class: 'D1'
    Classified ', 4, 0, 0, 1, 1, 1, 3, 1, 1, 1, 1, 1, 0, 2, 2, 0, 0, 0, 1, 1, 0, 3, 0, 0, 0, 2, 1, 0, 4, 0, 0, 0, 0, 0, 0' as 'D2', actual class: 'D2'
Accuracy: 100%
Run 9:
    Classified ', 2, 1, 2, 0, 0, 1, 1, 2, 0, 0, 1, 1, 0, 2, 2, 0, 0, 0, 1, 0, 1, 2, 0, 0, 0, 0, 0, 3, 4, 0, 0, 0, 0, 0, 1' as 'D3', actual class: 'D4'
    Classified ', 0, 1, 1, 1, 0, 1, 1, 1, 0, 0, 1, 1, 0, 2, 2, 0, 0, 0, 1, 0, 1, 2, 0, 0, 0, 0, 0, 3, 4, 0, 0, 0, 0, 0, 1' as 'D4', actual class: 'D4'
    Classified ', 5, 0, 2, 1, 0, 2, 0, 1, 1, 0, 1, 1, 0, 2, 2, 0, 0, 0, 1, 1, 3, 1, 1, 1, 0, 0, 0, 0, 4, 0, 0, 0, 0, 0, 0' as 'D1', actual class: 'D1'
    Classified ', 3, 0, 2, 0, 1, 3, 1, 2, 0, 1, 1, 0, 0, 2, 2, 0, 0, 0, 1, 1, 1, 1, 0, 1, 1, 0, 0, 3, 4, 0, 0, 0, 0, 0, 0' as 'D3', actual class: 'D3'
Accuracy: 75%
Average accuracy: 82.5%